1
50
750
828
891
1231
1262
1263
1302
1401
1429
1463
1477
1478
1480
1607
1850
1977
2013
2130
2212
2487
2649
2685
2715
2757
2783
2845
2901
2981
2998
3023
3063
3089
3130
3166
3201
3273
3345
3405
3453
3672
3787
3844
3885
3964
4018
4111
4188
4222
4369
4408
4446
4475
4520
4571
4639
4674
4704
4720
4756
4785
4854
4895
4920
4970
5065
5197
5230
5258
5297
5323
5339
5388
5416
5499
5546
5579
5626
5693
5762
5798
5865
5912
5951
5976
6062
6086
6110
6151
6178
6206
6313
6366
6417
6528
6666
6747
6809
6888
6952
7060
7138
7222
7386
7436
7490
7613
7651
7671
7702
7728
7770
7808
7947
7987
8052
8095
8216
8251
8370
8410
8464
8498
8531
8570
8619
8646
8750
8791
8841
8873
8933
8958
9007
9062
9109
9250
9277
9313
9377
9404
9470
9498
9530
9562
9614
9782
9866
9900
9943
9985
10029
10305
10377
10487
10559
10718
10757
10825
10920
11055
11104
11162
11226
11254
11410
11510
11613
11701
11734
11760
11816
11842
11854
11884
11943
12009
12071
12101
12155
12183
12274
12305
12337
12409
12592
12686
12743
12787
12977
13052
13078
13117
13162
13181
13278
13319
13400
13523
13611
13690
13720
13873
14128
14275
14372
14811
14837
14870
15037
15300
15346
15361
15398
15418
15442
15472
15508
15531
15562
15582
15605
15639
15648
15657
15686
15701
15706
15708
15715
15733
15777
15826
15851
15900
16021
16261
16458
16559
16637
16691
16776
16795
16829
16927
16977
17000
17042
17141
17188
17234
17335
17371
17445
17571
17700
17740
17858
17941
18007
18058
18124
18187
18300
18364
18418
18477
18525
18574
18618
18641
18663
18738
18779
18847
18871
18896
18934
19021
19063
19155
19231
19259
19309
19337
19406
19449
19542
19602
19719
19768
19935
19973
20010
20104
20126
20208
20242
20296
20359
20404
20441
20471
20513
20632
20666
20705
20733
20768
20803
20830
20912
20985
21050
21122
21175
21205
21247
21277
21308
21341
21367
21410
21492
21535
21571
21590
21632
21673
21745
21761
21845
21915
21987
22033
22060
22114
22275
22638
22686
22762
22806
22841
22913
22972
23060
23078
23124
23170
23214
23328
23450
23490
23528
23704
23730
23759
23819
23860
23914
24016
24078
24128
24224
24257
24408
24477
24530
24575
24654
24741
24851
24869
24932
24985
25149
25191
25309
25347
25398
25434
25522
25551
25627
25735
25986
26055
26087
26113
26151
26245
26414
26450
26520
26547
26585
26636
26709
26745
26793
26859
26928
27013
27041
27076
27106
27144
27216
27272
27328
27382
27445
27493
27583
27607
27791
27949
28026
28075
28103
28174
28251
28436
28520
28609
28706
28770
28802
28825
28857
28863
28864
28895
28914
28933
28965
28995
29044
29075
29133
29166
29233
29322
29353
29437
29634
29749
29788
29853
29994
30064
30116
30170
30246
30283
30467
30569
30676
30699
30775
30836
30990
31262
31398
31538
31580
31625
31667
31722
31775
31827
31901
31933
31959
31998
32090
32124
32179
32214
32257
32352
32601
32640
32680
32734
32827
32858
32884
32926
32963
33033
33086
33105
33121
33145
33260
33324
33387
33421
33446
33519
33555
33685
34013
34082
34112
34140
34219
34308
34423
34512
34750
34789
34909
34968
35023
35219
35286
35321
35424
35460
35502
35666
35798
35890
35964
36030
36237
36331
36426
36466
36504
36541
36561
36587
36604
36645
36688
36720
36759
36788
36821
36844
36887
36921
36945
36982
37015
37074
37099
37136
37180
37202
37257
37277
37301
37333
37357
37386
37426
37447
37468
37503
37534
37562
37571
37602
37669
37741
37773
37806
37867
37930
37973
38052
38066
38129
38193
38257
38287
38362
38428
38516
38580
38635
38681
38716
38780
38813
38872
38921
38957
38990
39049
39169
39278
39469
39516
39615
39753
39815
39955
39977
40431
40536
41984
42037
42172
42939
42955
42975
42999
43035
43058
43102
43169
43228
43254
43285
43327
43371
43425
43464
43513
43549
43616
43662
43708
43750
43794
43882
43848
43934
43993
44032
44100
44258
44339
44398
44519
44602
44639
44758
44790
44864
44964
45016
45073
45117
45181
45228
45250
45374
45405
45516
45541
45669
45708
45731
45771
45821
45838
45893
46443
46512
46586
46663
46719
46768
46809
46964
47072
47114
47142
47190
47239
47268
47289
47350
47409
47432
47507
47545
47619
47650
47683
47697
47754
47805
47873
47896
47935
47966
48016
48067
48224
48332
48435
48466
48528
48616
48669
48702
48773
48787
48808
48819
48833
48845
48879
48899
48975
49021
49034
49089
49189
49215
49311
49343
49367
49405
49432
49454
49471
49503
49542
49587
49706
50097
50218
50364
50411
50457
50464
50484
50501
50514
50528
50568
50584
50603
50645
50677
50680
50690
50720
50725
50735
50778
50799
50836
50972
51067
51174
51355
51390
51509
51627
51663
51745
51827
51863
51908
51966
52069
52115
52190
52237
52285
52340
52372
52420
52481
52496
52537
52573
52669
52709
52815
52957
53009
53108
53153
53223
53308
53386
53416
53447
53490
53524
53547
53560
53583
53592
53607
53626
53640
53656
53681
53697
53738
53767
53779
53813
53827
53854
53861
53870
53894
53901
53908
53928
53935
53959
53974
53986
53999
54013
54024
54037
54050
54071
54087
54128
54151
54200
54228
54270
54290
54315
54356
54397
54417
54474
54495
54516
54544
54564
54587
54619
54668
54716
54731
54749
54762
54789
54813
54840
54865
54893
54912
54928
54959
54977
55009
55029
55052
55072
55121
55147
55211
55225
55252
55270
55281
55324
55368
55417
55431
55473
55502
55575
55611
55679
55721
55756
55831
55880
55985
56169
56243
56313
56383
56964
56996
57055
57227
57377
57407
57477
57548
57608
57646
57761
57906
57916
57963
57997
58030
58156
58188
58269
58404
58468
58525
58552
58724
58767
58824
58877
59068
59303
59380
59413
49453
59477
59802
59863
59896
59921
59957
60087
60244
60266
60304
60332
60510
60702
60768
60792
60948
61015
61047
61096
61126
61159
61221
61312
61413
61475
61514
61677
61759
61831
61902
61928
61973
62011
62062
62207
62258
62294
62323
62351
62419
62455
62501
62540
62559
62594
62635
62657
62688
62742
62825
62853
62885
62962
63026
63089
63109
63133
63149
63166
63246
63322
63404
63448
63492
63549
63588
63725
63825
63849
63884
63977
64010
64051
64119
64186
64305
64360
64427
64462
64555
64602
64678
64934
65078
65164
65197
65333
65450
65471
65512
65625
65667
65749
65779
65817
66013
66040
66067
66097
66217
66269
66315
66524
66612
66665
66716
66823
66879
66963
67043
67120
67199
67247
67286
67318
67364
67426
67453
67526
67566
67580
67611
67632
67658
67736
67765
67787
67815
67886
67928
67971
67995
68017
68048
68062
68072
68099
68129
68143
68169
68184
68191
68204
68221
68231
68259
68278
68320
68415
68583
68636
68686
68791
68832
68847
68862
68872
68892
68904
68917
68953
68953
69023
69049
69079
69089
69115
69136
69154
69170
69190
69207
69215
69241
69269
69285
69360
69389
69414
69434
69449
69469
69477
69496
69510
69529
69543
69557
69577
69589
69601
69616
69650
69672
69689
69703
69727
69774
69836
69865
69876
69906
69924
69953
69971
69983
69993
70035
70049
70062
70070
70084
70096
70129
70165
70191
70211
70221
70233
70253
70260
70278
70298
70311
70324
70342
70350
70361
70380
70397
70415
70438
70449
70461
70474
70486
70504
70539
70551
70558
70564
70575
70591
70606
70621
70636
70657
70676
70690
70695
70735
70759
70775
70795
70822
70846
70875
70903
70937
70965
70979
71003
71016
71044
71056
71102
71115
71134
71173
71187
71195
71218
71247
71278
71296
71309
71327
71344
71374
71394
71413
71430
71444
71462
71510
71523
71535
71542
71551
71562
71602
71625
71641
71695
71705
71718
71742
71750
71770
71779
71788
71832
71843
71860
71884
71908
71931
71945
71960
71989
72028
72047
72117
72135
72157
72181
72192
72209
72232
72243
72252
72275
72285
72292
72307
72344
72358
72387
72398
72441
72468
72478
72493
72505
72533
72538
72558
72566
72576
72596
72614
72636
72656
72686
72705
72723
72747
72764
72781
72796
72805
72814
72833
72849
72873
72902
72927
72950
72960
72971
73040
73073
73090
73099
73114
73124
73139
73151
73172
73186
73198
73214
73236
73242
73252
73275
73313
73326
73335
73350
73369
73384
73417
73428
73432
73444
73487
73526
73554
73598
73615
73635
73645
73651
73664
73672
73680
73777
73842
73906
73961
73992
74038
74066
74095
74112
74123
74141
74158
74171
74191
74211
74285
74313
74355
74392
74435
74474
74501
74560
74589
74631
74675
74722
74798
74833
74913
75081
75128
75154
75182
75221
75270
75321
75382
75427
75446
75471
75577
75631
75691
75741
75866
75944
76045
76080
76124
76158
76220
76294
76449
76539
76624
78096
78195
78239
78325
78359
78389
78466
78497
78536
78579
78636
78695
78727
78768
78800
78828
78846
78860
78908
78991
79031
79125
79202
79234
79276
79301
79363
79448
79540
79576
79660
79728
79760
79777
79798
79812
79834
79874
79937
79981
80007
80064
80114
80150
80183
80227
80269
80317
80342
80430
80460
80595
80862
80945
80986
81048
81101
81151
81220
81249
81320
81378
81504
81535
81566
81628
81690
81729
81796
81811
81848
81863
81877
81894
81900
81906
81928
81944
81974
81995
82099
82182
82250
82297
82344
82445
82541
82634
82822
82844
82850
82856
82898
82920
82923
82997
83120
83160
83203
83226
83247
83279
83303
83333
83359
83394
83421
83462
83510
83541
83587
83625
83708
83766
83805
83859
83897
83949
84007
84043
84094
84116
84155
84213
84251
84358
84421
84457
84589
84627
84683
84724
84762
84792
84827
84878
84895
84941
84972
85009
85041
85071
85101
85114
85140
85172
85247
85285
85458
85500
85527
85559
85636
85674
85696
85757
85800
85848
85932
85996
86101
86144
86222
86240
86310
86357
86419
86455
86580
86600
86631
86706
86775
86839
86894
86982
87061
87161
87200
87220
87264
87291
87327
87354
87404
87426
87462
87523
87585
87629
87659
87744
87784
87869
87911
88090
88121
88160
88191
88292
88316
88351
88438
88469
88510
88544
88626
88645
88649
88652
88680
88690
88703
88720
88731
88751
88785
88817
88955
88978
89007
89029
89066
89096
89130
89172
89196
89215
89229
89234
89242
89249
89255
89277
89289
89303
89315
89330
89350
89364
89387
89404
89415
89435
89448
89466
89483
89498
89514
89532
89549
89560
89577
89590
89600
89622
89641
89661
89699
89707
89715
89720
89728
89739
89756
89795
89811
89886
89907
89951
89970
89999
90016
90039
90047
90057
90076
90089
90110
90125
90143
90163
90186
90206
90289
90418
90460
90520
90576
90669
90720
90746
90771
90799
90852
90899
90924
90948
90979
91002
91013
91051
91094
91196
91261
91405
91459
91538
91580
91691
91768
91873
92018
92037
92070
92124
92142
92195
92220
92268
92305
92340
92398
92509
92568
92628
92668
92744
92784
92805
92841
92924
92965
92987
93020
93057
93083
93129
93164
93235
93364
93494
93585
93679
93776
93820
93880
93964
94046
94095
94159
94189
94233
94269
94313
94362
94417
94451
94471
94503
94540
94566
94591
94691
94756
94833
94893
94989
95102
95198
95256
95299
95349
95386
95458
95598
95658
95725
95763
95809
95867
95892
96015
96108
96198
96241
96264
96307
96497
96677
96712
96755
96874
96912
97004
97130
97210
97248
97302
97427
97484
97623
97853
98019
98091
98141
98170
98224
98269
98343
98384
98420
98516
98598
98650
98708
98850
98886
98921
98958
99008
99058
99113
99163
99178
99254
99288
99374
99423
99447
99510
99574
99595
99641
99663
99697
99772
99798
99819
99831
99844
99895
99913
99939
99953
99966
99979
99997
100034
100055
100085
100148
100211
100246
100324
100357
100381
100421
100433
100459
100479
100511
100552
100598
100653
100692
100736
100762
100832
100935
100987
100996
101008
101039
101086
101176
101575
101644
101728
101852
101957
102002
102087
102128
102177
102232
102257
102299
102327
102404
102525
102553
102578
102629
102697
102715
102750
102812
102854
102915
102923
102933
102945
102969
103000
103116
103151
103209
103298
103343
103368
103386
103404
103422
103468
103502
103723
103823
103870
104003
104061
104099
104141
104189
104223
104271
104350
104355
104388
104415
104471
104539
104649
104741
104773
104813
104861
104913
104976
105031
105111
105163
105209
105247
105332
105419
105505
105575
105653
105725
105767
105823
105871
105903
105972
106010
106046
106071
106114
106140
106167
106193
106222
106250
106263
106280
106320
106334
106352
106367
106407
106438
106474
106536
106572
106623
106680
106727
106823
106853
106873
106887
106909
106946
106977
107003
107014
107034
107085
107104
107127
107152
107193
107208
107309
107327
107359
107383
107394
107430
107455
107480
107523
107544
107560
107587
107622
107698
107725
107798
107850
107879
108076
108143
108275
108333
108369
108419
108507
108581
108695
108775
108858
108911
109041
109150
109298
109323
109386
109424
109478
109562
109668
109713
109787
109844
109896
109915
109955
110040
110075
110101
110126
110167
110222
110251
110282
110305
110309
110313
110326
110358
110367
110403
110413
110421
110439
110469
110495
110510
110522
110553
110584
110640
110678
110712
110740
110753
110776
110793
110807
110819
110861
110882
110903
110929
110949
110976
110998
111012
111021
111035
111189
111216
111279
111295
111337
111363
111391
111446
111504
111588
111608
111632
111666
111709
111739
111808
111817
111841
111868
111897
111904
111926
111960
111995
112008
112044
112079
112182
112246
112355
112402
112564
112596
112630
112655
112679
112693
112718
112752
112792
112833
112850
112878
112907
112939
112959
112985
113007
113040
113075
113102
113118
113136
113153
113161
113165
113192
113230
113249
113289
113317
113385
113407
113425
113451
113501
113614
113652
113697
113723
113746
113795
113840
113880
113916
113940
113985
114019
114068
114118
114166
114254
114342
114387
114404
114416
114429
114440
114453
114479
114497
114530
114543
114552
114576
114616
114633
114654
114662
114671
114706
114719
114730
114763
114798
114825
114846
114864
114899
114908
114922
114945
114954
114961
114977
114984
114998
115010
115018
115026
115063
115069
115086
115100
115106
115121
115132
115150
115180
115195
115244
115257
115269
115280
115296
115333
115382
115408
115421
115439
115451
115462
115511
115527
115555
115564
115586
115601
115615
115641
115674
115709
115744
115792
115823
115851
115875
115894
115906
115915
115981
115995
116033
116050
116070
116091
116121
116157
116163
116179
116187
116196
116203
116211
116220
116243
116256
116302
116381
116428
116470
116568
116628
116680
116706
116748
116784
116804
116843
116863
116904
116973
117017
117034
117059
117077
117097
117138
117153
117173
117201
117309
117372
117416
117478
117510
117525
117545
117554
117566
117581
117598
117627
117640
117653
117664
117697
117862
117888
118075
118221
118255
118261
118271
118278
118286
118298
118307
118334
118401
118473
118484
118492
118502
118530
118569
118616
118664
118701
118807
118842
118850
118855
118876
118881
118889
118900
118911
118922
118936
118959
119045
119086
119112
119188
119273
119285
119296
119329
119351
119364
119377
119388
119397
119413
119418
119423
119432
119448
119457
119466
119487
119502
119515
119525
119542
119562
119577
119588
119602
119616
119627
119639
119647
119659
119673
119682
119694
119717
119731
119781
119796
119828
119844
119882
119908
119951
119961
119988
120028
120038
120076
120096
120122
120129
120137
120150
120165
120173
120190
120205
120221
120234
120242
120251
120259
120267
120272
120284
120298
120310
120317
120332
120341
120366
120375
120387
120407
120420
120429
120436
120452
120500
120537
120566
120574
120581
120597
120616
120640
120674
120692
120719
120729
120760
120778
120804
120811
120825
120846
120857
120868
120882
120902
120909
120927
120938
120975
121003
121013
121023
121036
121052
121067
121091
121109
121147
121213
121218
121229
121244
121249
121278
121289
121310
121320
121332
121345
121371
121397
121412
121450
121459
121468
121478
121497
121507
121520
121530
121545
121582
121610
121625
121668
121681
121792
122012
122031
122055
122081
122105
122117
122169
122224
122266
122350
122411
122419
122426
122444
122498
122556
122647
122750
122816
122882
123016
123078
123132
123216
123289
123788
123902
123934
123991
124078
124136
124225
124258
124343
124410
124529
124557
124590
124634
124733
124807
124938
125067
125145
125236
125293
125367
125404
125434
125483
125534
125594
125629
125739
125915
125985
126027
126060
126079
126119
126154
126195
126282
126308
126352
126391
126456
126503
126557
126706
