107071
107101
107156
107196
107398
107447
107619
107722
107781
108342
108385
108550
108634
108774
109281
109337
109452
109523
109576
109638
109700
109796
109856
110029
110111
110278
110383
110550
110611
110742
110981
110990
111002
111022
111045
111059
111068
111169
111226
111452
111590
111759
111911
111997
112072
112156
112262
112279
112328
112423
112573
112730
112892
113035
113190
113395
113450
113550
113641
113749
113818
113855
113910
113957
114032
114211
114284
114362
114411
114569
114653
114697
114721
114765
114782
114809
114857
114886
114915
115017
115071
115088
115134
115199
115342
115394
115628
115829
116061
116094
116117
116159
116175
116207
116250
116275
116314
116377
116469
116552
116598
116657
116732
116764
116799
116833
116934
117043
117070
117172
117274
117430
117594
117667
117909
117957
118015
118038
118181
118416
118451
118476
118570
118606
118641
118667
118702
118783
118823
118871
118908
118938
118979
119026
119082
119240
119329
119641
119791
119901
120230
120339
120590
120780
121037
121102
121146
121350
121517
121577
121654
121751
122339
122428
122679
122855
123027
123129
123177
123193
124271
124333
124411
124643
124885
125008
125101
125141
125166
125196
125246
125327
125812
126035
126107
126163
126259
126378
126411
126439
126461
126484
126510
126607
126708
126744
126761
126819
126938
126998
127046
127061
127088
127139
127156
127168
127219
127262
127382
127505
127559
127955
128015
128084
128295
128713
129007
129079
129158
129229
129417
129702
129794
129871
129925
129986
130120
130231
130342
130389
130451
130547
130578
130625
130653
130683
130940
130987
131020
131045
131078
131105
131131
131170
131195
131237
131280
131308
131339
131376
131396
131427
131530
131563
131615
131673
131701
131776
131804
131864
131903
131930
132003
132033
132058
132088
132122
132156
132182
132227
132268
132343
132366
132380
132412
132499
132567
132663
132739
132770
132787
132814
132967
133029
133055
133100
133115
133149
133166
133192
133207
133226
133244
133282
133311
133337
133371
133412
133427
133440
133460
133484
133500
133527
133585
133626
133665
133735
133858
133909
134007
134041
134087
134241
134317
134408
134473
134533
134568
134623
134652
134739
134767
134790
134815
134847
134923
135059
135095
135156
135198
135416
135816
135898
136043
136142
136274
136343
136384
136436
136514
136597
136663
136710
136720
136739
136852
136915
136939
136982
137019
137050
137087
137117
137170
137212
137241
137278
137299
137337
138117
138488
138501
138513
138588
138627
138872
138930
138970
139044
139176
139349
139448
139581
139658
139711
139734
139767
139794
139864
139943
139977
140006
140030
140076
140119
140227
140279
140322
140384
140410
140469
140483
140502
140523
140539
140573
140599
140639
140671
140694
140710
140745
140770
140791
140816
140856
140919
140948
140972
140995
141050
141117
141156
141237
141391
141506
141550
141591
141629
141654
141677
141765
141796
141835
141935
141946
141973
141997
142033
142099
142120
142166
142195
142276
142321
142345
142387
142408
142677
142731
142754
142775
142847
142897
142930
142961
143010
143098
143125
143160
143252
143393
143471
143516
143558
143596
143634
143665
143705
143777
143795
143826
143862
143923
143940
143970
144046
144114
144179
144255
144282
144311
144341
144373
144407
144464
144486
144506
144557
144596
144617
144640
144649
144684
144716
144740
144790
144890
144910
144946
144984
145023
145068
145091
145119
145170
145222
145260
145281
145305
145329
145356
145419
145448
145481
145515
145517
145523
145528
145533
145545
145557
145584
145621
145665
145681
145695
145711
145784
145850
145918
145978
146041
146094
146196
146235
146417
146455
146488
146541
146638
146690
146809
147012
147081
147250
147431
147781
147958
148029
148116
148182
148440
148553
148597
148666
148758
149012
149241
149331
149391
149459
149539
149713
149769
149894
150138
150504
152620
152731
152932
153231
153351
153470
153711
153831
154191
154431
154588
154707
154827
154947
155186
155190
155307
155596
