1
13
181
236
316
507
580
942
1016
1223
1318
1444
1506
1599
1634
1675
1760
1849
1870
1910
1982
2001
2022
2057
2115
2329
2353
2405
2436
2463
2502
2541
2713
2758
2826
2925
2975
3013
3171
3504
3590
3713
3854
3907
3970
4022
4195
4269
4361
4470
4500
4515
4607
4693
4756
4868
5051
5382
5526
5768
5825
5902
5996
6240
6278
6331
6495
6549
6606
6943
6973
7358
7424
7750
7939
7984
8042
8092
8291
8390
8484
8555
8593
8697
8722
8745
8776
8806
8828
8874
8890
8949
9003
9076
9135
9291
9360
9453
9509
9550
9624
9667
9688
9982
10041
10117
10542
10571
10779
10828
10994
11055
11118
11162
11194
11261
11343
11386
11431
11767
11815
11878
11974
12002
12174
12228
12259
12290
12354
12392
12456
12571
12601
12654
12699
12782
12811
12961
12992
13040
13092
13265
13308
13362
13437
13547
13562
13581
13720
13787
13953
13989
14037
14091
14461
14488
14527
14607
14736
14951
15019
15021
15037
15062
15096
15134
15180
15226
15324
15379
15446
15487
15529
15686
15713
15750
15779
15840
15948
15999
16182
16331
16356
16380
16582
16599
16649
16679
16714
16746
16891
16997
17033
17125
17274
17285
17294
17367
17601
17667
17731
17777
17843
17971
18026
18070
18117
18157
18209
18311
18360
18397
18489
18532
18739
18773
18817
18834
18856
18873
18897
18930
19004
19029
19059
19090
19116
19148
19162
19177
19223
19248
19304
19353
19380
19409
19435
19464
19519
19631
19690
19767
20143
20175
20277
20307
20384
20419
20498
20595
20653
20907
21045
21103
21186
21239
21304
21390
21465
21523
21617
21694
21742
21797
21835
21958
21982
22070
22092
22143
22169
22218
22292
22336
22387
22443
22495
22522
22567
22610
22660
23023
23176
23215
23244
23255
23277
23321
23359
23404
23476
23629
23658
23746
24210
24251
24298
24357
24333
24599
24680
24732
24765
24826
25003
25077
25247
25350
25413
25725
25762
25885
26174
26476
26740
26851
26886
26955
26964
27010
27383
27964
28118
28193
28295
28341
28464
28517
28664
28739
28790
29067
29109
29173
29194
29273
29304
29458
29902
30042
30086
30305
30391
30533
30707
30778
30901
30963
31150
31197
31262
31384
31601
31657
31721
31795
31894
31925
32084
32140
32253
32300
32348
32413
32438
32481
32512
32576
32637
32719
32750
32817
32851
32920
32958
33049
33139
33204
33267
33535
33575
33950
34135
34194
34289
34389
34475
34538
34589
34666
34839
34949
34977
35080
35177
35783
35831
36450
36728
36948
37001
37070
37107
37152
37300
37352
37438
37663
37729
37793
37834
37893
37920
37959
37991
38110
38161
38242
38299
38805
38833
38874
38900
38918
39914
39409
39438
39529
39774
39808
39862
39908
39940
39961
39991
40009
40020
40032
40044
40064
40128
40180
40886
41318
41455
41547
41824
41912
41974
42072
42238
42354
42396
42534
42632
42782
42862
43014
43059
43163
43277
43330
43370
43540
43570
43688
43879
43965
44182
44240
44277
44357
44380
44472
44502
44529
44570
44587
44612
44731
46111
46288
46418
46660
46704
46719
46755
46809
46902
46975
47048
47156
47222
47372
47417
47507
47556
47672
47683
47800
47984
48095
48169
48215
48446
48517
48607
48695
48739
48869
48943
49013
49062
49112
49139
49190
49236
49258
49284
49494
49552
49614
49668
49762
50290
50372
50463
50517
50558
50602
50668
50809
50864
50892
51094
51156
51195
51209
51340
51387
51442
51473
51507
51520
51535
51557
51583
51669
51768
51849
51920
52010
52086
52279
52345
52498
52646
52753
52800
52889
53033
53271
53416
53477
53555
53608
53644
53701
53862
53895
53928
53958
53987
54186
54293
54425
54509
54620
54750
54893
55041
55189
55402
55457
55546
55588
55639
55745
55989
56143
56197
56247
56337
56443
56744
56918
56990
57051
57123
57187
57245
57309
57397
57611
57862
58007
58139
58173
58422
58470
58504
58934
59164
59484
59581
59987